0
0.249686323714
0.499372647428
0.749058971142
2.24717691343
3.24592220828
3.49560853199
3.74529485571
3.99498117942
4.24466750314
4.74404015056
6.49184441656
6.74153074028
7.49058971142
7.98996235885
8.23964868256
8.9887076537
10.486825596
11.9849435383
12.234629862
12.4843161857
13.2333751568
13.7327478043
14.4818067754
14.9811794228
16.2296110414
16.4792973651
17.2283563363
17.9774153074
18.4767879548
18.7264742785
19.225846926
20.2245922208
20.4742785445
21.2233375157
21.7227101631
21.9723964868
22.2220828105
22.4717691343
24.7189460477
24.9686323714
25.2183186951
25.7176913425
25.9673776662
26.7164366374
26.9661229611
27.4654956085
28.2145545797
28.7139272271
29.712672522
30.7114178168
31.460476788
31.7101631117
31.9598494354
32.9585947302
33.4579673777
33.7076537014
35.4554579674
35.7051442911
40.4491844417
40.9485570891
41.4479297365
42.4466750314
42.6963613551
44.6938519448
45.9422835634
47.9397741531
48.4391468005
48.9385194479
49.1882057716
49.4378920954
50.4366373902
50.6863237139
51.1856963614
51.6850690088
51.9347553325
52.1844416562
54.1819322459
54.6813048933
54.9309912171
55.1806775408
56.1794228356
56.4291091593
58.4265997491
58.6762860728
59.1756587202
60.1744040151
60.4240903388
61.1731493099
61.4228356336
61.9222082811
63.6700125471
63.9196988708
64.1693851945
65.6675031368
66.1668757842
66.9159347553
67.165621079
67.4153074028
68.1643663739
68.4140526976
70.4115432873
70.661229611
70.9109159348
71.4102885822
72.1593475533
72.409033877
72.6587202008
72.9084065245
73.6574654956
74.156838143
74.9058971142
75.1555834379
75.904642409
76.1543287327
76.4040150565
76.6537013802
77.652446675
77.9021329987
78.1518193225
78.9008782936
80.3989962359
81.8971141782
82.6461731493
83.6449184442
84.1442910916
84.3939774153
85.1430363864
85.6424090339
85.8920953576
86.1417816813
86.391468005
86.6411543287
87.3902132999
87.6398996236
87.8895859473
88.139272271
89.1380175659
89.3877038896
89.6373902133
90.1367628607
90.6361355082
90.8858218319
91.3851944793
91.8845671267
92.1342534504
92.3839397742
92.6336260979
93.8820577164
94.6311166876
95.6298619824
97.3776662484
97.8770388959
98.3764115433
98.626097867
99.1254705144
99.8745294856
100.124215809
100.373902133
101.122961104
101.372647428
101.622333752
101.872020075
102.121706399
102.621079046
103.869510665
104.119196989
105.117942284
105.367628607
105.617314931
106.86574655
107.864491844
108.114178168
108.613550816
108.863237139
109.362609787
109.861982434
110.111668758
110.611041405
111.110414053
111.360100376
112.109159348
113.357590966
113.856963614
114.606022585
116.853199498
117.352572146
117.602258469
117.851944793
118.101631117
118.35131744
118.601003764
118.850690088
119.599749059
119.849435383
120.34880803
120.598494354
120.848180678
121.846925972
122.096612296
122.845671267
123.095357591
123.594730238
125.092848181
125.841907152
127.589711418
127.839397742
128.089084065
128.838143036
129.08782936
129.337515684
129.587202008
131.08531995
131.834378921
133.831869511
134.580928482
135.579673777
138.326223338
138.825595985
140.823086575
141.572145546
142.071518193
143.070263488
143.319949812
143.569636136
145.317440402
146.56587202
146.815558344
148.56336261
148.813048934
149.562107905
149.811794228
150.061480552
150.311166876
150.560853199
154.306148055
155.804265997
156.053952321
156.803011292
157.052697616
157.552070263
158.550815558
158.800501882
161.297365119
161.547051443
161.796737767
162.545796738
163.294855709
163.544542033
163.794228356
165.542032622
165.791718946
166.04140527
167.539523212
167.789209536
171.035131744
171.284818068
171.784190715
172.033877039
172.533249686
173.531994981
173.781681305
174.281053952
174.530740276
174.7804266
175.030112923
176.028858218
176.278544542
176.528230866
176.777917189
177.027603513
177.776662484
178.775407779
179.774153074
180.023839398
181.272271016
181.52195734
182.021329987
182.520702635
183.020075282
183.269761606
183.51944793
183.769134253
184.268506901
184.767879548
185.017565872
185.267252196
186.515683814
186.765370138
187.264742785
187.514429109
187.764115433
188.013801757
188.26348808
188.513174404
188.762860728
190.760351317
191.010037641
191.759096612
192.008782936
